100005
100017
100025
100026
100030
100039
100072
100096
100115
100117
100120
100143
10021
100211
100214
100216
100220
100230
10026
100265
100334
100348
100419
100423
100454
100455
100460
100461
100465
100488
100495
100497
100498
100536
100545
100619
1006751
1007386
100785
100837
100841
100928
101063
101099
101116
101119
101140
101142
101148
101149
101208
101281
1013011
1013021
1013146
1013286
1013541
101361
101364
1013681
1013821
1013916
101442
1014806
101481
1014931
1015256
1015341
101561
101569
101583
101620
1016561
101657
1016576
1016836
1017136
101753
1017701
101789
101790
1018251
101853
1019396
101940
1019401
101953
101971
1020471
102129
1021301
102147
1021871
1021886
102220
102240
1022651
1023091
102315
1023326
1023376
1023576
102360
1023621
102364
102439
102470
102490
102555
102566
1025711
1025761
102591
102602
1026206
102623
102638
1026766
102699
102706
102720
102759
1027671
1027676
102790
1028061
102830
102831
102832
102834
1028421
102879
1029056
10291
1029271
102928
102933
102937
1029391
1029421
1029641
1030341
1030651
1031251
103140
103144
1031451
103159
103172
103184
103192
1032001
1032416
1032481
103274
103275
103279
103280
1032816
1033591
1033916
103428
103429
1035096
1035251
1035306
1036521
103673
1036761
1036851
103766
1037861
1037871
1038041
1038321
103835
1038391
1039616
1039721
1039746
103986
1040621
1040806
104109
104136
104162
104183
104224
1042361
104237
1042406
1042516
104267
104324
1043546
104391
104401
1044231
104453
104459
104460
1045051
1045056
1045276
1045411
104545
1045506
1045531
1045576
1045706
1045771
1045806
1045811
1045821
1045891
104658
104701
1047051
104712
104764
104766
1048296
1048301
104876
104877
1048896
1048901
104921
104938
104939
1049826
1049936
105013
1050681
1050691
1051591
105163
105180
105184
105185
105187
105188
1052016
1052326
1052406
1052676
1052721
1052726
1052731
1053631
105442
1054761
1054926
105493
105500
1055236
1055306
1055521
105571
105639
1056576
105717
1057296
105740
105741
1057831
1057846
1057871
105806
1058181
1058741
1059011
105927
105942
105949
106057
1060881
106093
106130
106135
1061386
1061521
1062601
1062951
1063301
106334
1063386
1063481
106410
1064111
1064151
1064231
106478
1064981
1065326
1065331
1065341
106536
1065361
1065616
1065651
1065996
106600
1066016
106606
106608
106611
106612
106614
106615
106616
106619
1066296
1066311
106635
106680
106681
106682
106683
1067241
1067466
1067551
106763
106765
106775
1069471
106967
106982
106984
1070236
107025
107050
1070561
1071256
1071266
1071276
1071281
107161
1071981
107276
1073026
1073171
1073441
107360
1073811
1073841
1073846
1073976
107422
107439
107440
107441
107442
1074441
1074466
1074541
1074676
1075131
107525
1075836
1076046
107620
107695
1077071
1077781
107861
107865
1078681
1078806
1078851
1079616
1080186
1080256
108026
108058
108147
108148
108149
1081536
108187
1081871
108188
1082111
1082236
108261
108275
1082891
1082901
1083591
1083676
1083741
108417
1084601
1084736
1084876
1084976
1085136
1085141
108519
1085471
1085651
1085721
1086146
108620
108626
108630
108631
108640
1086526
1086671
1087516
1087676
1087736
1087871
1087916
1088031
1088436
108857
1088641
1088661
108884
1088856
1088971
1088986
108908
1089881
1089971
1090111
1090546
1090571
109058
1090636
1090836
109084
109103
109109
1091531
109164
109168
1091756
1091961
1092631
1092676
1092886
109365
1093681
109385
1093866
109387
1093986
1093991
1094041
1094096
1095111
1095116
1095121
1095856
1095871
109605
1096101
109613
1096176
109637
109638
1096881
1096896
1096901
1096971
1097746
1097886
1097911
1098051
1098091
109810
1098206
109953
1099706
1100236
1100296
1100306
1100631
1100821
1101241
1101351
110179
110181
110264
110265
1102901
110315
1103196
1103346
110358
1103891
1104146
1104256
1104261
1104266
110444
110463
110503
1105096
1105536
1105576
1105581
1105586
1105616
1105621
1105661
110571
1105761
110607
110628
1106366
110638
1106441
1106446
110647
110648
110654
110662
110663
110667
110669
110670
110696
110698
1106996
110708
1107441
110796
110816
110840
110842
110844
110846
110851
110853
110855
110962
1109961
1110611
1110811
1110946
1111256
111150
111188
1111956
1111986
1112006
1112051
111209
1112146
1112226
1112401
1112681
111280
111289
1112926
1112931
111297
1113421
1113456
1113461
111364
111365
111369
111371
111372
111374
111375
111376
111381
1113851
1114001
1114271
1114291
1114301
1114806
1114841
111540
111616
111624
1116346
1116581
1116766
1117016
1117036
1117041
1117046
1117061
1117191
111722
1117276
111729
1117316
1117466
111752
1117671
111802
111819
111821
111826
111957
1119776
111985
111989
111992
111994
111996
111999
1120076
112030
112033
1121036
1121056
1121061
1121066
1121071
1121086
112204
1122096
1122111
1122166
112218
1122221
112269
112286
112292
112296
112300
1123006
112357
1123791
1123876
1123971
1123976
112418
112420
112421
1124311
1124451
1125026
1125216
1125326
1125766
112615
1126171
1126551
1126671
1126966
1127016
1127251
1127791
1128061
1128201
1128216
1128231
1128236
1128346
1128926
1129261
112943
1129481
112954
1129921
113010
1130136
1130161
1130171
1130596
1130976
113103
113105
113109
113112
113114
113116
1132096
1132196
1132791
1133251
113327
113330
1133341
113351
1133571
1133781
113465
113467
1134901
1134946
1134951
1134971
113565
1135991
1136221
1136391
1136476
1136616
1136621
1137611
1138201
113826
1138696
113885
113886
113931
1140331
1140606
1141361
1141376
1141386
1141396
1141421
1141431
1142016
1142031
1142436
1142481
1143141
1143201
1143336
1143626
1143781
114390
1144546
1144691
1145056
114509
1145496
1145666
1145761
1145771
1145776
114583
114643
1147161
1147341
1147471
1147561
1147631
114848
1148851
1148946
1149186
114939
1149961
1150
115006
115037
1150426
1150496
115056
1150681
1151001
115114
115125
1151291
1151721
1151826
1151836
1151916
1152311
1152636
1152861
1153056
1153106
115319
1153256
1153281
1153306
1153311
1153316
1153326
1153336
115336
115347
115348
1153511
1153771
1153946
1154036
1154606
1154761
1154946
1154991
1155
1155721
1155891
1156
115607
115642
1156921
1157521
1157831
115800
115849
115970
1159706
115995
1160396
1160461
1161056
1161161
1161346
1161371
1161401
1161451
1161456
1161781
1162226
1162441
1163056
1163176
1163186
1163456
116367
116377
116391
1164186
116479
1165236
1165766
1165771
116610
1166961
1166966
1166971
116700
1167081
1167116
116751
1168031
1168376
1168501
1168521
1168576
1169121
1169366
1170966
117109
1171346
117194
1172201
1172216
1172221
1172226
1172231
1172491
1172581
1172586
1172781
1172786
1172791
1173401
117359
1173901
1173921
1173931
1174226
1174741
1174761
117486
1175406
1175516
1175721
117624
1176241
117625
1176311
1176826
1177976
117798
117844
1178856
117903
117914
117958
117964
1180156
1180251
1180471
118053
1180886
1180926
1180996
118104
118116
1181541
1181591
1181671
1181756
118218
1182236
1182256
118237
118240
11826
1182616
1182631
1183001
118303
11831
1183356
1183566
11836
118376
1184036
1184046
1184056
1184066
11841
118419
118440
118442
11846
118496
118499
118505
118506
1185166
1185866
1186016
1186646
1186656
118670
118681
118683
118685
118686
118689
118690
118691
118699
118700
118701
118706
118712
1187196
1187206
1187211
118726
118728
1187306
1187511
118778
1187786
1188296
1188306
1188351
118842
118843
118845
1188626
118896
1189061
1189081
1189461
118976
118977
118979
1190061
1190646
119124
1191351
1191666
1191721
1191736
1191846
1191921
1191926
1192181
1192276
1192721
119341
1193521
119356
1194616
1194676
1195796
1196056
1196141
1196226
1196431
1196436
1196711
119712
119781
119784
1197841
1197901
1198676
1198681
1199001
1199011
1199191
1199261
1199411
119974
1199751
1199776
1200021
1200806
120125
1201336
1201391
120175
120179
1202076
1202086
120226
1202666
1203046
1203071
1203266
120376
120393
1204296
120434
1204476
1204486
1204496
1204516
120480
1204966
1204976
1205021
120507
1205886
120622
1206401
1206416
1206471
1206496
1206786
120721
1207301
120763
120768
1207796
1207996
1208001
1208006
1208021
120808
1208116
1208201
1208276
120836
1208571
1208851
1208971
120903
1209291
1209491
1209496
1209691
120977
1209786
121033
121061
121081
1211146
1211211
1211646
1211686
121221
121232
1212401
1212421
1212646
121275
1213016
1213806
1213856
1213986
121445
121456
1214861
1214866
1215006
1215156
1215231
1215256
1215776
1216671
1216736
1216821
1216951
121761
1218106
121820
1218776
1218851
1219421
12196
1219636
1219651
1219656
122006
122139
1221531
1221956
1222111
1222456
1222796
1222951
1223256
1223456
1223661
1223681
1223696
1223711
1223721
1223881
1224001
1224456
1224646
1224776
1225031
1225401
1225926
1226216
122638
122641
1227041
1227071
1227076
1227411
12276
1227616
122767
122778
122790
122803
1228321
1228331
12286
1228651
123030
1230351
1230751
1230971
1231666
123171
123178
1231781
1231916
123236
1232886
1232956
123411
1234181
123428
123480
123498
123499
123535
123558
1235721
1235841
123585
123586
1236156
1236431
1236531
123813
123833
12391
1239666
1239791
1240401
1240686
1240696
1240701
1241056
1241111
1241301
1241306
1241316
1241511
124198
1242136
124232
1243116
124314
124328
1243396
124340
124414
1244291
1244296
1244306
124475
124476
1244871
1245126
1245191
124535
1245516
1245521
1245526
1245581
1245591
1246111
124644
1246626
1246631
1246641
1246721
1246726
1246771
1247241
124797
1248201
1248561
1248636
1249011
1249056
1249106
1249311
1249316
1249351
124985
1250531
1250691
125103
1251031
1251156
1251396
1251521
1251641
1252311
1252401
1252486
1252951
1253191
1253226
125380
1253951
125479
125481
125496
125499
125503
1255646
1255656
1256291
125655
1256631
1256821
125690
125693
125707
1257471
125774
1257756
1257761
1257766
1258431
125857
125859
1258701
1258706
1258951
1259076
125968
1259841
125997
1260006
1260011
1260016
1260021
1260026
1260656
1260666
1260676
1260826
126096
1261256
1261421
126155
126156
1261636
1261651
1261681
1261756
126227
126229
1262321
126246
126248
12626
1263396
1263791
1264101
1264106
1264121
1264151
126417
1264606
126469
1264906
126506
126509
1265186
126525
1265291
126539
126636
126652
1266576
1266611
1266621
1266781
1266866
1267026
126711
1267196
1267771
1268081
1268131
126815
1268576
1268671
1268701
1268866
1268891
1268896
1268916
1268951
1268986
1269
1269001
126911
1270191
1270626
127070
127160
1271866
1272011
127216
1272881
127314
1273416
127370
127383
1273961
1274546
1274871
127502
127530
127543
1275936
1276246
1276321
127655
127673
127678
1276806
1276921
1276966
1277266
127750
127752
127768
1278126
1278246
127860
127861
127871
1279001
127926
127930
127947
127993
127996
128000
1280226
1280561
128059
1280651
128128
128147
1281491
1282131
1282851
1282981
128330
128340
12836
12841
128411
128412
1284496
1284816
128542
1285551
1285556
1285561
1285701
1285921
1285926
128665
128668
1286936
1287331
1287406
1287451
1287501
1287601
128777
1287911
128795
1288116
128834
128835
128837
1288461
1288586
1288646
1288671
1288696
1288701
1288721
1288741
1288756
1288766
1288771
1288816
1288821
1288831
128893
1289046
1289136
1289391
1289396
1289921
129057
129058
1290691
1290901
1290906
1290911
1290916
1290921
129128
129143
1291466
1291876
1292176
1292486
129252
12926
1292621
1292671
129357
1293941
1293951
1294586
1295226
1295236
1295241
1295246
1295256
1295331
1295341
1295366
1295371
1295376
1295411
1295441
1295476
1295511
129559
129562
1296151
129623
1296351
1296616
129663
1296766
1296786
1297341
1297426
1297846
1297961
129817
1298236
129845
129868
129870
1298781
1299206
129933
129947
129966
1300111
1300631
1300651
1300676
1300721
1300731
1300741
130079
1300966
1301366
130137
1301561
1301591
1301786
1301986
1302276
1302281
1302301
130267
1302681
1302686
130280
1302841
1302876
1302996
1303091
1303126
1303176
1303251
130336
1303711
1303811
1304086
1304111
1304246
1304386
1304471
1304621
1305031
1305426
1305471
1305481
1305601
1305631
1305636
1305751
1306026
1306041
1306341
1306346
1306551
1306831
1306841
1306851
1306856
1307006
1307016
1307026
1307111
1307136
130726
130728
130729
130730
1307521
1307561
1307586
1307601
130801
1308031
130860
1308726
1308731
1308786
1308796
1309001
1309006
1309111
130934
130935
130937
1309421
130962
130966
1310186
1310681
1310966
1311091
131114
1311436
131164
1312016
1312036
1312041
131206
1312061
1312066
1312086
1312096
1312146
1312276
1312286
1312296
1312326
1312346
1312361
1312491
1312886
1312906
131380
1313996
1314221
131441
1314431
1314466
131454
131456
1314576
1315001
131525
1315251
1315391
131547
131578
131605
1316096
1316251
1316351
1316391
131665
1316846
1317166
1317266
131733
131754
1317621
131804
1318086
131812
1318486
1318501
1318846
1319456
131956
1319581
1319751
1320496
1320526
1320926
1321071
1321491
1321496
1321501
1321781
1321841
132240
1322546
132279
1322851
1323101
1323136
1323176
1323296
1323316
1323366
1323566
132361
132362
132386
132442
1324611
1324646
132471
132475
132476
1324816
132487
1325206
1325221
1325231
1325366
1325811
1326166
132622
132623
132624
132625
1326326
1326416
1326431
1326661
1327071
1327196
1328306
132893
132906
132934
132935
132940
132963
133052
1330536
133054
1330806
1331131
133121
133129
1331611
1331676
1331916
1332006
1332071
1332106
133225
1332341
1332351
1332366
1332371
1332376
1332381
1332386
1332406
1332426
1332466
1332786
1332976
1332981
1332996
1333001
133305
1333066
1333076
1333186
1333226
1333246
1333261
133329
1333296
1333371
1333541
1333551
1333721
1333776
1334026
1334061
1334071
1334096
1334101
1334131
1334151
1334196
1334621
1334641
1334801
1334996
1335006
1335051
1335126
133516
1335391
133548
1335746
1335791
1336161
1336186
133640
1336496
133665
1336726
1336886
1336946
1337171
133740
1337926
1337971
1338021
1338121
133818
1338536
1339111
133922
1339231
1339236
1339241
1339286
133950
133977
133982
1339836
133985
1339851
1340171
1340566
1340591
1340941
1341221
134137
1341606
1341806
1342011
1342081
1342221
1342961
134297
1343101
1343381
134399
1344001
1344341
134463
1344886
1345021
1345086
134517
134520
134539
134540
134541
134542
1345421
134564
134577
134580
134583
1345876
1346526
1346711
1346896
1347141
134752
1347811
1347891
134818
134821
1348266
1348531
134856
1348616
134926
1350061
1350166
1350221
1350246
1350251
1350306
1350311
1350326
1350381
1350391
135043
1350451
1350466
1350486
1350491
1350501
135052
135053
135056
135066
1350986
1351016
1351026
1351031
1351036
1351051
1351146
1351306
1351356
1351851
1351961
1351996
1352286
1352471
135271
135283
1352961
1353451
135354
135372
1353996
135465
1354721
1354731
1354736
1354766
135477
135479
135486
135487
135492
1354996
1355106
135545
1355636
135568
135659
1357486
135757
1357751
1359101
135939
1359716
1360056
136022
136028
136030
1360481
136065
1361
136112
136139
136156
1361656
1361916
1362296
136237
1362441
1362796
136425
1364916
1365121
1365181
1365186
1365201
1365741
1366046
1366401
136771
136779
1367826
1368081
1368166
1368306
136861
1368636
1368686
1368691
1368961
1368996
1369006
1369051
1369056
136927
136936
136945
136949
136950
1369641
137018
1370181
137036
1370686
1370716
1370766
137083
137122
137159
1372151
137243
137248
1372686
137306
1373341
1373346
137336
1373361
13736
1373626
1374196
1374201
137436
1374691
1374711
1374811
137506
1375126
1375386
1376041
1376286
137694
137695
137696
137697
1377001
1377021
1377106
1377166
1377236
1377471
1377486
1377491
1377496
137769
137774
1377966
1378096
137840
137842
137880
1379021
137909
137913
1379211
1379216
1379231
1379371
1379381
1379386
137943
1379561
1380146
1380396
1380401
1380416
1380706
1380731
1380756
1380831
1381031
1381071
1381136
1381161
138140
1381431
138181
138182
1381821
1382061
138240
1382401
138273
138275
1382801
138292
1382926
1383186
138326
1383636
138368
1383756
138382
138402
138411
138413
1384146
1384341
1384401
1384741
1384811
1384836
1385011
1385131
1385216
138527
138533
1385416
1385496
138582
138584
138609
1386341
1386346
1386546
1386551
1386591
1387056
1387081
138710
138711
1387111
138723
1387681
138770
138771
138772
138774
1387861
1388281
1388531
138907
1389641
1389861
1390111
139018
1390221
1390241
139034
1390506
1391101
1391581
139183
139191
1392031
1392146
1392366
139251
1392511
1392626
1392631
1392676
1392981
139334
1393571
1393586
1393881
1393966
1394041
1394056
1394131
1394761
139556
1395596
1395861
1396081
1396161
1396581
1396946
1397056
139709
139711
1397571
1397921
1398516
1398546
1398611
139873
1398781
139879
1399121
139947
139967
139973
1399851
1399861
1400081
1400091
1400411
1400646
140066
1401006
1401031
1401196
140127
140136
1401381
1401696
140177
1402086
1402476
1402546
140259
1402701
1403066
140322
140329
1403966
1404431
1404856
140493
140501
1405081
1405771
140607
140612
140614
1406311
1406346
1406476
140665
140711
140718
140761
140778
1407911
1408311
1408576
140869
140874
1408826
1408941
140900
140901
140914
140931
1409716
1409721
1409921
1409946
1409951
1411391
141189
141244
141246
1412506
141258
141302
1413176
1413636
1413931
1414051
1414406
141471
141473
141474
141506
1415416
141556
141557
141558
141559
141560
1415626
1415646
1415711
1415766
1415966
1416306
141651
1416631
1416686
1416746
1416766
1417331
141735
1417431
1417521
1417966
141815
1418256
1418271
141902
141903
141905
141908
1419201
1419361
141955
1419836
141984
141986
141988
141996
1420506
1420726
142094
142096
1420981
1421361
142224
1422406
142278
1422911
142308
142309
1423121
1423511
1423566
1423976
142398
142415
142435
1424591
1425466
1425486
1425491
142557
142588
1426156
142620
142621
1426211
142628
1426286
142670
1426876
1426881
1427021
142704
142719
1427696
142791
1428731
1428956
142897
1429096
1429121
1429181
1429271
1429301
1429546
1429676
142981
1429816
142985
1429901
142991
142996
1429961
1429991
1430001
1430081
1430086
1430221
1430236
1430246
1430251
1430276
1430306
1430321
1430346
1430551
1430896
1431006
1431051
143130
1431361
1431561
1431636
1431846
1432116
1432311
143244
143245
1432456
143248
1432701
143301
1433046
1433091
1433526
143359
1433591
143377
143378
1433806
1433836
1434171
1434176
1434181
1434241
1434376
1434431
143466
143467
143469
1434786
1435066
1435311
143593
143595
143597
143598
143628
1436476
1436536
143675
143690
1437001
1437091
1437101
1437206
143721
1437481
143755
1437881
1437956
1437981
1437996
1438216
1438226
1438231
1438246
1438256
1438276
1438371
1438861
1438891
1438966
1438996
1439001
143931
1439311
14396
1439606
1439656
1439796
143987
1440421
1440561
1440626
1441511
1441551
144163
1441786
1442191
1442201
144238
144245
1442796
1443281
144337
1443511
1443521
1443581
144361
144388
144389
1444936
1445186
1445216
1445461
1445616
1445876
144589
1445961
1446111
144642
144696
144703
144719
1447241
144749
1447676
144787
1447921
144793
1448001
1448016
1448146
1448651
1448726
144894
1449276
144936
144962
1449791
1449801
144984
1449941
1450
145002
145007
145008
1450641
145083
1451126
1451356
1451886
1451901
145207
1452626
1452631
1452901
145361
145364
1454
1454196
145431
1454416
1454566
1454596
1454616
145469
145473
1454846
145496
145499
1455201
1455221
145531
145533
145545
1455896
1455916
145604
1456226
1456346
1456361
1456391
1456441
1456491
145663
1456766
145692
145695
1457026
1457881
1458251
145828
145832
1458401
1458416
1458451
1458496
1458941
1458961
145910
1459201
1459306
1459316
145936
1459806
1460041
1460046
1460086
1460411
1460441
1460446
1460566
1460631
146066
1460661
146072
146073
146076
146077
146125
1461421
1461531
146170
1461751
1461871
1461881
14621
1462126
146247
1462471
1462856
1462906
1463316
1463426
1463456
1463536
1463856
1463916
146423
1464246
146433
1464671
1464721
146486
146487
146488
1465361
146587
146601
146604
146645
1466541
146700
1467196
1467351
1467531
1467776
146800
146806
146829
146830
1468371
1468391
1469476
1469551
146963
1469716
146972
147028
147037
1470516
147057
147074
1470751
147084
147105
1471741
1471916
1471936
147197
147198
1472036
147231
147284
1473051
1473246
1473601
147363
1473646
1474446
1474451
147525
147561
147562
147563
1475696
1475791
1476021
1476096
1476141
147644
147650
1476796
1477336
1477421
147749
1477631
1477676
1477881
1477886
1478501
1479001
147911
147928
1479426
1479581
148000
148001
148003
148007
148009
148010
148011
1480336
148052
148058
148059
148063
1480646
1480716
148076
1480771
148087
1480881
1480886
1480891
1480896
148096
148116
1481216
1481461
148151
1481571
148168
1481846
148197
1482141
148232
148246
148252
148263
1482891
14831
1483296
1483336
14836
1483781
148403
148425
148430
1484726
148475
1484821
148486
148487
1484951
148510
1485186
1485221
148543
1485856
148591
148592
1486071
1486351
148638
1486406
1486526
148655
1486676
1486771
1486826
1487136
1487521
1487746
1487976
1488576
148866
1488691
148870
148871
148872
1488761
1488871
1489036
1489121
1489186
1489246
1489421
148943
148952
148955
1489566
149001
149003
14901
1490181
149032
1490546
1490551
1490556
1490561
1490591
1490601
1490741
1490831
149088
1491096
149113
149119
149132
1491406
1491461
1491521
1491656
1491661
1491971
1492016
1492361
1492656
1492911
149318
149319
1493256
1493261
1493271
1493281
1493296
1493556
14936
1494391
1494581
1494606
1494661
1494766
1494861
1494866
149515
149523
149526
1495676
1495681
1495836
149644
149714
1497251
1497501
1497516
149760
149782
149805
1498151
1498331
1498396
1498536
149857
149865
149869
1498756
149932
1499356
1499641
1499661
1499846
149986
1500061
1500066
1500166
150020
1500336
1500341
1500356
1500486
1500566
1500746
1500751
1500801
1500816
1500991
1501136
1501146
150129
150167
150183
1502311
1502771
1503086
150317
150318
1503186
150320
150325
1503456
1503561
1503791
150390
150391
150393
150441
150447
150449
150467
1504806
1504916
150545
1505526
1505646
1505716
1505801
1506
150612
150651
1506661
1507021
150707
150713
150743
1507446
1507531
1507881
1507911
1507941
1508166
1508171
1508176
1508496
1508516
1508531
1508546
1508601
1508666
1509051
1509171
1509196
1509301
1509366
1509581
1509601
1509796
151027
151028
1510401
1510931
1510961
1510976
1511196
1511366
1511416
1511421
1511741
1511996
151206
1512076
1512651
1512941
1513166
151321
151371
1514011
1514141
151421
1514241
151434
151492
1515231
1515311
1515661
1515666
151585
151598
1516076
151620
1517341
1517406
1517536
1517836
151790
151794
1518046
1518146
1518151
151828
1518286
1518416
151845
151862
1518801
1518836
1518891
1519086
1519196
1519406
151943
151958
151959
1519946
1520221
152072
1520911
1521016
1521076
1521176
1521856
1522246
152241
152271
152272
1523226
1523506
152379
152380
152381
1523816
1524001
152434
152438
1524506
15246
1524641
1524681
1524841
152513
1525686
1525736
1525881
152602
152608
152609
152610
1526391
1526411
1526416
1526441
1526721
1527136
152715
1527661
1527886
1528061
1528066
1528071
1528256
1528306
1528376
1528506
1528621
152869
1528776
1528781
1528806
1529056
1529246
152929
152932
152934
1529556
152984
152996
1530051
1530386
1530391
1530396
1530851
153122
153124
1531416
153143
153216
153255
153259
153260
1532731
1533186
1534111
1535081
153562
1535741
1535746
1535751
1535891
1535961
153599
153614
1536276
1536346
153668
1536951
1537021
1537046
153732
1537831
1538286
153879
1538801
1538806
1539006
1539166
153934
1539471
153979
153980
1540336
154049
1540721
1540726
154076
154095
1541051
154197
1541976
1542126
154257
1542926
1542986
1543171
154329
1543391
154365
1543691
1544126
1544601
154487
1544931
1544961
154517
1545231
1545421
1545511
1545631
1545741
1545956
154635
154636
154641
154694
154730
1547806
154854
154867
154868
154941
1550146
155020
1550311
155077
155086
155111
1551421
1551526
1551881
1552006
1552211
1553256
1553321
1553341
1553351
1553556
1553646
1553716
155400
155406
1555931
155605
155629
155630
155632
155723
1557511
155755
155757
1557921
155813
1558371
1558626
155898
1559296
1559321
1559451
1559701
1559756
1559796
155993
1560266
1560521
1560716
1560781
156080
1561006
156112
156122
156165
1561751
1562191
1562646
1562656
1562801
1563001
1563101
1563696
1564431
1564441
156447
1564526
1564591
156505
156509
1565386
1565416
1565476
1565576
1565666
156575
156577
156584
156640
156641
1566541
156679
1566791
156682
1566871
1567331
156758
1568351
1568356
1568361
1568671
1568766
1568831
1569071
1569096
156957
1569711
1569721
1569736
156989
1569971
157016
1570206
157036
157086
1571131
157154
157179
1571806
1572421
1572806
1574471
157448
1574886
1574891
157511
1575186
157532
157569
157652
157684
157695
1577006
1577016
157706
1578186
157827
1578531
1578916
1579066
1580446
158045
158052
158074
158120
1581216
1581326
1581766
158212
158285
1583761
1584056
1584121
1584146
158448
1584586
158469
158471
158519
1585521
1585526
1585551
1585566
158588
1585896
1585901
1586176
1586456
1586616
1586621
1586631
1586821
1586846
1586856
1586871
158689
1586896
1586911
1586931
158705
1587051
1587071
158713
158715
1587211
1587216
1587241
1587276
1587291
1587316
1587326
1587336
1587341
1587351
1587356
1587391
158773
1588166
158860
158877
158897
1589096
1589286
158949
1589761
1590481
1590591
1590596
159066
1590731
159097
1591126
159132
159135
159137
1591426
159152
1591681
1591991
159242
1592436
1592586
159262
159290
1592921
1592936
1592946
159323
1593326
1593486
159369
159375
1593961
1594011
159402
1594456
1594501
159482
159485
159488
1594936
1594956
1595111
159542
159571
159578
159584
159605
1596131
1596806
159689
1597426
159775
1597961
159798
1598221
1598626
1598646
159866
1598721
1599356
1599366
1599556
1599571
1599591
1599686
1600306
1600321
160049
160051
160052
1601171
1601461
1601471
1601501
1601711
1601766
1601956
1602111
1602721
160288
1603331
1603606
160369
1603696
1603821
16041
1604511
160489
1604916
1604921
160497
16051
160516
1605246
1605341
1605611
1605761
1605971
160629
1606291
160671
1606816
1607021
160751
160753
160759
1607821
1607826
1607831
160784
1608026
160812
160824
160826
1608431
1608436
1608926
1609181
1609341
1609576
1609666
1610
1610006
161013
1610281
161035
1610446
1610471
1610636
1610646
1610661
1610951
1611331
161145
161151
1611631
1611721
1612001
1612016
1612201
161275
1613161
1613471
1613586
1613591
16136
161371
1613926
161404
1614101
161411
161436
161482
161531
161533
1615951
1615981
1616501
1617086
1617221
1617291
1617326
1617341
1617431
1617466
161757
161778
1617896
1618371
161861
1618611
1618731
1618781
161879
1619091
1620026
162016
162028
1621006
162109
1621656
162194
162195
162212
162240
1622421
162293
1623021
162320
1623326
162339
162340
162342
1623546
1623701
162418
1624371
1624701
162494
162530
1625516
1625756
162586
1626006
1626221
1626236
1626456
162654
162680
1626986
1627241
1627706
1627921
1628071
162832
162833
1628536
1628541
1628581
1628726
162890
162909
1629326
162938
1629486
1630081
1630371
163039
1630976
163134
1631831
1632746
163295
163303
163318
163319
1633331
1633436
163359
1633791
1633801
1634096
1634141
1634276
1634381
163446
1634476
1634586
1635621
1635871
163591
163618
1636481
1636666
1636971
163699
1637071
163789
1638091
163826
163829
163842
1638571
1638576
163882
1638926
1639036
163946
1639536
1639636
1639661
1639986
1640006
1640171
1640256
1640266
1640311
1640651
1640781
164095
1641
1641331
1641351
1641641
1641921
1642
164215
1642391
164292
164293
1643231
1643786
164381
164383
1644676
164505
164516
1645331
1645336
1645541
164586
1646301
164649
164687
1646871
1646886
1646891
164696
164706
1647071
164781
1647821
1647831
164796
1648156
1648166
1648501
1649061
164912
1649366
1649436
1649461
1649616
1649691
164994
1649966
1650001
165055
165073
1651061
1651946
165225
165231
165248
1652516
1653051
165371
165379
1653896
1654181
1654186
1654201
165432
165433
1654591
1654686
165574
165575
1655771
16561
1656281
1656606
1656616
165668
165680
165698
1657481
1657846
1657876
1657911
1658366
1658861
1659511
1659676
1659681
1659706
165985
1660121
1660151
166032
166046
1660781
1660796
1660801
1660811
1660821
166170
166174
1661781
1661796
1661851
1661981
166217
166259
166266
166267
1662936
1663516
166365
1663926
1664241
1664246
1664351
1664406
1664736
1664776
1664781
1664821
166491
166537
1665516
166570
166579
166580
1666036
1666231
166629
166637
166642
1666556
166689
166695
1667296
166792
166796
166797
166800
1668051
166847
166848
1668951
1669326
1669676
1669961
1669996
167046
1670521
1670526
1670536
1670576
1670656
1670696
1670701
1670706
1670716
1670726
1670731
1670741
1670746
1670761
1670781
1670796
1670811
1670816
1670841
1670866
1670891
1670911
1670931
1670936
1670941
1670951
1670956
1670971
1670991
1670996
1671001
1671011
1671031
1671051
1671096
1671101
1671116
1671131
1671136
1671141
1671151
1671161
1671171
1671191
1671196
1671206
1671221
1671236
1671246
1671251
1671256
1671261
1671276
1671281
1671301
1671306
1671326
1671346
1671356
1671366
1671371
1671381
1671386
1671391
1671401
1671441
1671446
1671456
1671486
1671516
1671521
1671531
1671551
1671606
1671621
1671631
1671636
1671641
1671661
1671696
1671706
1671716
167172
1671721
1671726
1671731
1671741
1671751
1671761
1671771
1671776
1671781
1671791
1671806
1671811
1671826
1671836
1671846
1671851
1671861
1671871
167189
1671946
1671951
1671981
1671986
1671991
1671996
1672001
1672026
1672041
1672056
1672076
1672081
1672091
1672101
1672391
167267
1672786
1672896
1672921
1672926
1672976
1673011
1673561
1673571
1673601
1673606
1673611
1673616
1673636
167402
1674186
167507
1675231
1676686
1676691
167758
167767
167772
1677736
1677751
1677816
1678551
167857
1678576
167868
1678771
1679156
1679166
1679206
1679856
1679911
167997
1679996
1680121
1680521
168062
1681026
1681211
168143
168144
168146
168150
168151
1681581
168174
168177
168217
168219
168237
168240
168252
1682946
1682986
1682991
1683356
168356
168371
1683736
1683876
1684031
1684831
1684901
1685271
1685301
1685501
1685506
168555
1685716
1685816
168634
1686511
1686991
1687
1687541
168775
168778
1687781
168781
1687836
1688086
1688246
1688261
1688311
168836
168838
1688381
168844
168848
1688716
1688801
1689056
1689066
1689326
168934
168943
168949
1689636
168965
1689716
168974
169058
169094
1691001
1691196
1691436
169150
1691611
1691886
1691911
1692491
1693066
1693161
1693331
1693946
169407
1694556
1695001
1695386
1695426
169570
1695781
169580
1696261
169631
1696316
1696401
1696556
1696631
169673
169677
1696891
1697081
1697196
1697471
1697601
1697871
1697881
1697891
1697906
1697911
1697926
1697931
1697946
1697966
1697991
1697996
1698011
169802
1698021
1698031
1698051
1698056
1698066
1698106
1698111
1698121
1698151
1698161
1698171
1698176
1698201
1698246
1698251
1698261
1698266
169827
169831
1698321
1698341
1698346
1698351
1698356
1698361
1698376
1698416
1698436
1698456
1698466
1698481
1698496
1698506
1698511
1698536
1698561
1698591
1698601
1698611
1698616
1698621
1698626
1698631
1698656
1698661
1698666
1698676
1698706
1698716
1698731
1698741
1698746
1698766
1698771
1698781
1698801
1698816
1698821
1698831
1698841
1698851
169886
1698861
1698871
1698886
1698896
1698906
1698946
1698956
1698961
1698971
1699021
1699026
1699031
1699036
1699046
1699091
1699131
1699141
1699146
1699156
1699191
1699211
1699221
1699241
1699261
1699276
1699291
1699296
1699311
1699346
169979
1699896
1700081
1700411
1700576
1701341
1702381
1702646
1702696
1702731
1702746
1702766
1702781
1702796
1702906
1702916
1702921
1702941
1702946
1702956
170326
170345
1703791
1703901
170397
170417
1704221
1704541
170502
1705296
1705366
170543
170564
1705676
1705846
1706301
170645
1706726
170687
1706926
1707001
1707006
170727
170728
170745
170768
170804
170812
170813
170818
170819
170822
1708341
170853
170861
170864
170867
1708771
1708981
1709771
1709851
1710381
1710851
171092
171128
1711456
1711696
1711706
1712236
1712371
1712381
171240
171257
1712591
171280
171284
1713241
1713401
171371
1713731
1714256
1714266
171524
1715586
1715831
1715851
1716021
1716171
1716456
171659
1716756
1716826
171720
171724
1717401
171743
1717486
171756
171770
1717781
1717926
1718061
1718076
171854
171862
171871
1718966
1719536
171966
1719866
172000
172001
172063
1720641
1720866
172089
172094
172098
172099
172118
172129
1721411
172143
1721441
172145
172147
172154
1721701
1721736
1721811
1721921
172255
1722736
172286
1722871
1722916
1723256
172338
172348
1723551
1724061
1724151
1724156
1724326
172448
1724636
172534
1725536
1726271
1726316
172635
172636
172637
1726856
1727156
1727176
1727181
172727
172752
1727556
1727791
1727941
1728171
172846
172864
172871
172891
1729436
1729586
172974
1729796
173031
173032
173033
173034
1730426
1730726
1730966
1731161
1731256
1731726
1731951
1732041
1732061
1732066
1732616
1732726
173331
1733401
1733466
1733471
1733641
1733656
1733661
1733666
1733806
1733941
1734226
1734301
173467
173468
1734756
1734761
1734876
173499
1735256
1735406
1735421
1735826
1735956
1736171
1736736
1737096
1737591
173792
173817
173852
173861
1738721
173883
173885
1738941
173969
173978
1739856
1740446
1741061
1741116
174128
1741386
1741891
1741896
174219
1742191
1742196
1742241
1742246
1742381
174283
1742831
1742851
1743031
1743096
1743141
1743461
174352
174397
174432
1744606
1744736
1744806
174497
174512
1746326
1746341
1746446
174657
1747011
1747081
1747116
1747236
1747391
174769
174774
174793
174811
174835
1748621
1748656
174870
1748761
1748856
1748966
1748981
1749031
1749066
1749146
174935
174960
174961
1749711
1749726
1749811
1750076
1750221
1750231
1750281
1751376
175161
175162
1751621
175163
175164
175165
1751686
1752026
175209
17521
1752276
1752281
1752386
17526
175261
1752841
1753141
175339
1753521
175370
175394
1754016
175448
1754751
175477
175478
1754876
1754901
1754906
1754911
1754976
175540
1755776
1756091
1756171
175673
175674
175690
175716
175736
175738
175741
175742
175749
175753
1757576
1757606
1757616
1757756
1757936
1758176
1758341
1758351
1758376
1758441
1758996
1759276
1759491
1759811
175988
176012
1760391
1761371
1762191
1762331
1762596
1762601
176284
1763971
1764186
176451
176508
1765206
1765541
176558
176561
1765886
176615
1766191
1766676
1766701
176694
1767016
1767026
1767141
1767181
1767566
176802
176883
1768911
1769136
1769166
1769771
1770016
1770701
1770746
1770751
1771196
177173
1772341
1772421
1773196
1774041
1774061
1774141
1775126
1775871
1775901
1776241
1776551
1777021
1777596
1777711
1777821
1778346
1778536
1778916
1779101
1779161
1779676
1779881
1782
1782036
1782211
1782796
1782806
1783316
1783331
1783696
1783781
1783966
1784016
1784021
1784461
178453
1784891
1785776
1786081
1786361
1786896
1786966
178735
1787811
1788201
1788456
1788981
178904
1789201
1789211
1789556
178959
1789596
1789716
178972
1789731
1790281
1790286
1790311
1790321
1790401
1790851
1791231
1791821
179216
1792216
179248
1792511
1792571
1792681
1792756
1793186
1793496
1793506
179403
179421
179423
179489
1795171
179519
179570
179586
179588
179589
1795986
1796216
179668
1797106
1797126
1797176
1797201
1797211
1797226
1797261
1797371
1797786
1797826
1797851
1798
179805
179807
179829
1798356
1798386
1798391
1798421
1798626
1798716
1798836
1798876
179911
1799551
1799581
1799891
179996
1800021
180009
1800796
180094
180113
180148
180170
180200
180247
1802531
1802571
1802591
1802641
1803046
1803056
180362
1803766
1804176
1804371
1804406
1804861
1804941
1805611
1805726
1806531
1806576
1806771
1807101
1807596
1807801
180823
180829
1808776
1808926
1809006
180945
1809926
1810196
1810281
1810361
181047
181048
1810621
181079
181080
181136
181150
1811851
181194
181197
1812391
1812661
1813091
1813481
1813496
1813876
1814001
1814461
1815176
181531
181535
1815416
181593
181613
181640
181666
181669
1816806
181706
181707
1817191
181750
1817606
181794
181795
1818371
1818406
1819171
1819436
181945
1819546
1820041
1820156
1820231
1820356
1820431
1820886
1820936
1820946
1821476
1821536
1821566
1821636
182167
1821841
1822271
182236
1822376
1822471
1822481
182286
182309
1823106
1823591
1823691
1823791
1823971
182431
1824311
1824751
1824881
1824906
1824966
18251
182513
182515
1825541
1825596
182599
1826046
1826156
1826526
1826596
1826641
1826681
1826756
1826826
1826841
1827071
1827116
182721
1827396
182758
182773
1827741
1827811
182796
1828396
182853
1828566
1828606
1828661
1828866
1829346
182953
1829756
1829856
1829891
183020
183030
183032
183033
183034
1830351
183037
183043
183048
183049
183051
183053
183054
183055
183056
183058
183061
183062
1830626
183063
183065
183067
1830676
183069
1830691
183072
183074
183075
183079
183080
1830811
1830826
183083
183085
183086
183088
183089
183090
183091
183093
183094
183095
183096
1830966
1831051
1831106
1831121
1831456
1831476
1831831
1831951
1831961
183203
183207
183236
183277
1833001
183308
183312
183314
1833261
1833381
1833541
1833601
1833921
1833991
1834161
183436
1834391
1834506
1834531
183483
1834931
1835036
1835046
1835291
1835316
1835476
1835646
1835666
183570
1835701
183576
1836001
1836356
1836521
183657
183687
183688
183701
1837151
183725
1837256
183728
183729
1837326
1837786
1837791
1837841
1837886
183801
183802
1838061
1838121
1838171
1838481
1838801
1838806
183886
1838871
1839131
1839321
183959
1840046
1840116
1840221
1840491
1840631
1840656
1840771
184078
184080
184115
184118
1841306
1841376
1841826
1842371
184243
1842671
1842731
1843361
1843566
1843901
1843981
1843991
184400
1844131
184418
1844351
1844826
1844851
1845041
1845281
1845311
1845316
1845321
1845326
1845331
1845556
1845811
1845981
184629
184632
184679
1847131
1847136
1847141
1847161
1847496
1847851
1848386
1848401
1848471
1848491
1848576
1848586
1848786
184895
1849366
1849441
184946
185003
185005
1850076
1850256
1850316
185071
1850806
185095
185100
1851031
185117
185124
185149
1851641
1851651
1851761
1851931
1852091
1852431
185281
1852886
1852996
185318
1853266
185340
185435
1854456
185475
1855046
1855056
185527
1855291
185533
1855476
1856096
1856106
1856116
1856416
1856466
1856656
1856681
1856691
1856706
1856861
1856871
1856881
1856911
1856936
1857341
185758
185811
1858206
1858451
1858466
1859306
1859466
1859546
1859681
186020
1860536
1860681
186078
186085
186112
186114
186116
1861406
1861491
1861521
186166
1861851
1861906
1861911
186199
1862201
1862236
186238
186280
186282
1862831
1862836
186304
1863196
1863666
1863676
1863686
1863896
186394
1864246
1864386
1864496
1864551
186461
1864611
1865566
186573
1865961
1865971
186647
1866491
1867036
1867416
1867441
1867536
186773
186774
1867751
1867766
186782
1867966
186815
1868166
1868226
1868251
1868416
1868541
1868641
186882
1868831
1868836
1869251
1869671
186974
186996
1870621
1870681
187089
187098
187164
187220
1872491
187260
1872796
1873051
1873176
187330
1873571
1873776
1874146
1874341
187481
1874946
1875066
1875581
1875621
1875811
1876026
1876151
187627
1876276
1876781
1876841
187689
1877091
1877271
1877276
1877341
1877346
1877406
1877461
1877656
1877666
1877716
1878211
1878271
1878461
1878866
1879221
187948
1880581
1880596
1880826
188083
1880841
188111
188132
188141
1881561
1881626
1881661
1881706
188174
188204
1882331
1882411
188276
188279
1882841
1883116
1883126
1883516
1883576
188376
188388
18841
188439
188450
188455
1884596
1884601
1884821
1884826
188515
188518
1885451
1885486
1885631
188614
1886146
1886151
188619
1886766
1886776
1887
1887346
1887406
1887416
1888
1888011
188805
188814
1888211
1888246
1888301
188841
1888411
1888446
188852
188855
188858
188885
188887
1889161
188953
1889631
1889871
188999
1890091
1890126
1890426
1890431
1890746
189094
1891006
1891461
1891741
1891811
1891956
1892056
1892161
1892321
1892326
1892396
1892501
1892531
1892556
1892566
1892591
1892631
189294
1893291
1893876
1894221
1894321
189454
189463
1895206
1895236
1895501
1895901
1896046
189629
189631
189635
189646
1896656
1896876
1897121
189731
189735
189744
189761
1898796
189885
1898981
1899056
1899241
1899496
1899501
1900201
1900216
1900491
190072
1900946
1900951
1902276
1902281
1902356
190283
1902846
190285
1902851
1902856
190290
1903361
1903446
190373
1903841
1904801
190559
190560
1905871
1906126
190641
190657
1907121
1907131
1907141
190726
190730
190735
1907826
1907906
1908916
1909176
1909441
1909686
190982
1910206
1910366
1910481
1910561
191075
191116
1911256
1911336
191154
191199
1912276
1912326
1912331
191236
1912386
1912456
1912511
1912636
1912686
191276
191296
1912996
191302
1913046
191306
1913066
1913371
1913426
191364
191366
191368
191369
191370
1913766
1913861
1913866
1913891
191392
191394
1913996
1914106
1914311
191492
1915476
1915586
1915611
1916306
1916321
1916421
191649
1916706
1917371
1917726
1917801
1918436
1918751
191886
191887
1918921
1919646
1919651
1919761
1919781
1920026
1920046
192010
1920226
192025
192043
192050
192057
1920591
192066
192087
1920941
192100
192152
192154
192156
1921661
1921841
1921926
1922426
192245
1922771
192306
1923376
192339
1923621
1923741
1923766
1924091
1924106
1924186
192426
1924381
192442
1925176
1925246
1925766
1926076
192622
1926611
1926621
1926851
1926866
192708
192735
1927491
192818
192826
1928511
1928516
1928886
1928936
1928941
1929086
192935
192936
192941
192971
1929766
1930071
193037
193038
193040
193044
1930531
1930566
193076
1931441
193182
193184
193196
1932031
193205
1932176
193221
1932356
1932446
193246
193270
193276
1932946
1933036
193345
1933571
1933826
193412
1934181
1934216
193434
1934406
1934531
1934606
1934751
1935176
193526
193528
1935541
1936166
1936221
1936246
1936346
1936446
1936821
1936846
193717
193723
193724
1937436
1937731
1937966
1938201
1938351
1939056
1939066
1939091
1939126
1939211
193995
1940021
1940111
1940146
1940196
1940931
1941216
1941276
1941351
194152
194154
1941741
1941751
1941901
1941911
1942086
1942136
1942146
1942231
194238
194248
1942631
1942641
1942646
1942656
1942666
1942676
1942686
1942701
1942751
1943011
1943491
1943506
1943541
1943576
194399
194402
194422
194425
194438
194447
1944621
1945386
1945531
1945676
1945901
1945921
1945976
1946181
194654
1946606
1946611
1946616
1946636
1946706
1946716
1946736
1946756
194711
1947181
194720
194753
1947766
1948146
19486
1948706
194887
1949071
1949171
1949176
1949181
1949186
1949191
1949516
19496
1949846
194993
195001
1950131
1950241
1950466
1950476
1950481
1950501
1950511
195052
19506
1950666
1950676
195081
195092
195103
1951206
195128
1951301
1951626
1951641
1951646
1951861
1951956
1951981
1951996
1952001
1953306
1953366
1953456
1953636
1953911
195393
1953931
1953936
1954626
1954711
195506
1955081
19551
195515
1955351
1955516
1955571
1955696
1955736
1956061
195648
1956481
195657
1957086
1957466
1957571
1957616
195772
1958121
1958216
195828
1958301
1958306
195831
1958316
1958576
195896
1958971
1958981
1959891
1960916
1961141
1961311
1961346
1961351
196151
1961641
1961646
1961986
1962246
1962316
1962331
1962541
1962971
1964181
1964206
1964211
1964646
1964666
1964936
1964951
1964961
1965046
1965091
1965186
1965516
1965586
1965596
1965641
1965741
196576
196581
1965826
1966396
1966411
1966801
1966956
1967046
1967126
1967356
1967551
1967771
1968261
1968636
1968881
1968891
1969161
1969241
1969471
196951
1969891
1969941
1969981
1970411
1970631
1970736
1970816
1971681
1971906
1972026
1972681
1973836
1974061
1974156
1974581
1974831
1975286
1975521
1975536
1975566
1975666
1975881
1975886
1975891
197626
1976521
1977041
1977086
1977106
1977186
1977311
1977731
1977771
1977961
1978181
1978621
1978881
1979241
1979301
1979401
1979446
1980136
1980316
1980486
1980626
1981011
1981041
1981316
1981321
1981396
1981736
1981941
1981946
1982246
1983051
1983701
19846
198506
19851
198711
198996
199371
199376
1994
199411
199436
1997
2004
20041
200516
200521
200526
20061
201276
201291
201406
201411
201416
201421
201426
201436
201441
201456
20239
203186
203936
204021
205091
205516
20560
205641
205656
205706
205966
20620
2064
20654
20655
20662
206771
207171
207226
207291
207296
207301
207636
20764
207816
20811
20831
208496
208531
20902
20944
209486
209496
20993
20998
210156
21041
210476
210551
210556
210596
210711
210876
210891
211031
211256
21159
2117
211711
212056
2122
212296
2123
21232
21233
21234
21235
21237
21238
21239
21240
21241
21242
21243
212646
21272
212976
213256
213496
213796
21409
21430
214461
2145
2147
215036
21523
21536
215546
215771
2159
216106
216116
2163
216661
217181
21737
217876
21793
218056
21917
219251
21932
2204
22061
22086
221146
221426
221436
221656
221776
222496
222586
222591
22261
22273
22285
22333
223516
223566
223791
22381
22385
22389
22403
22404
22407
22423
22449
224511
22455
224881
224891
224896
22521
22554
225591
225726
2261
22621
22623
22624
22625
22627
22629
22633
22634
22635
22637
22639
22641
22642
22643
22671
22695
22696
22699
22700
22702
22704
227321
22769
22770
227806
227836
227931
22798
228086
22870
22876
22877
22888
229281
22948
22976
23041
230446
230451
230641
230646
230651
230721
230801
231206
231211
2313
231356
23157
231631
231636
231641
23174
23177
23179
23204
23207
23246
23315
23316
23319
23323
23325
23326
23348
234016
23409
23413
234341
23448
234486
235176
23524
235251
23526
235566
23597
23638
23640
23653
23654
236556
23660
23678
23693
236966
237001
237046
23712
23714
237341
237696
237706
237711
2378
237816
2380
238421
239401
239781
239786
23987
240321
24039
240396
24042
240451
240556
241126
241136
2412
241226
241531
241616
242171
242421
24252
242631
243036
24331
243331
24349
243616
24366
243681
243711
243716
243731
24388
24409
24411
244411
244416
24453
244881
244886
245111
245391
245586
245741
24606
246256
246976
246981
24701
247126
247536
248306
248431
24874
24877
24879
249181
24923
249346
25005
250056
25008
25009
250201
250206
250321
25051
25102
251141
251696
25217
253116
253121
253131
253611
25369
25370
253826
254276
254336
25444
254791
254876
255271
255561
255726
25672
257391
257636
258036
25839
258901
259201
259371
25964
25979
25995
25996
260201
26027
26030
26032
26038
26042
26046
260831
260916
26112
261151
26150
26179
26204
26213
262181
262766
26291
26296
26319
26341
26343
263476
26349
263611
26445
265196
265201
26575
265906
265946
26595
26603
266256
266646
266676
266801
266971
267026
267166
267306
26791
267931
26853
26861
26864
269041
26906
26925
26926
269281
269526
269846
27025
270481
270501
270516
27082
271231
271426
271436
272051
272206
27256
27277
272836
273191
27423
27429
274386
27523
27539
275996
276001
276406
276586
27670
27674
27675
27693
277286
27738
27765
278081
278926
27898
27902
27966
27985
280396
280786
28083
28093
281191
28134
28136
281816
2826
28269
28271
2830
28335
283556
284281
28461
285151
28526
28545
285541
285646
285651
286566
286776
286816
28722
287991
289161
28917
28921
289306
289321
289331
28968
28992
28993
290001
290516
290711
29106
29130
29131
29133
29136
291416
291421
291431
29152
29241
292636
293136
29325
29336
29346
29347
29416
29426
294896
295101
295186
295396
296001
296041
29610
296126
296166
296361
29657
29658
29682
29696
2971
297141
2972
297311
29739
2974
29747
29749
29751
297676
297691
297731
297826
29784
29797
29803
298086
298156
298161
29835
298481
29899
299466
29958
29962
30003
30004
30008
300336
300661
30088
30133
30147
30148
301486
302156
302166
302176
302186
302191
30222
302491
30252
30259
30260
302641
30290
30292
303116
30352
30376
30377
30386
30409
30482
304961
30503
30505
305056
305446
30545
30546
305501
305516
30565
30577
305821
306031
3062
30634
30642
30646
30657
306851
307556
307886
308096
308146
308151
308251
308271
30887
308976
309016
309181
309256
309656
30990
310096
310306
31052
310751
310756
310796
31123
311481
31174
311796
312051
312116
312186
312191
31225
31264
312656
312746
31293
31294
31300
3131
3132
31341
313661
3138
31400
314101
314281
314311
31437
314466
31465
314916
3155
3156
3157
315881
31607
316121
316266
31638
31644
316511
31657
31731
317566
317571
317846
317946
31803
31812
318271
31830
318531
318536
31885
319746
320086
320251
3203
32051
32079
321281
321351
321501
32168
322006
322021
32205
32224
32225
32242
322476
32274
322956
323561
32373
32375
323906
324001
324116
324156
32419
324811
325126
325151
32516
32517
325261
325266
32569
3258
325861
325866
325871
32598
32600
32602
3261
3263
326366
32664
32693
327381
327656
32895
32904
32911
329501
329526
32954
32956
329606
32965
329716
32974
329866
33008
33010
330361
330451
330461
33054
33064
33065
33066
33073
33117
3312
331501
331536
33161
33162
33163
33168
332006
332356
332381
332386
332771
33279
33280
33281
33282
33286
332916
333286
33337
33363
33367
334626
335146
33547
335576
335646
335651
335656
33568
33623
33638
33710
337481
337661
33772
33779
337946
33878
33921
339546
339656
33978
33997
3400
3402
340721
34076
34083
34136
34139
34149
34156
341596
34192
341961
34198
342016
342021
34203
34223
34225
342691
342726
342901
34295
34296
34323
34325
34326
343521
343526
343561
34365
34371
343816
343851
3442
344211
344506
344641
345006
34510
34515
345186
345591
345596
345626
345991
346001
346006
346146
346566
346706
346851
34703
347156
347276
34763
347771
347776
347791
34829
348531
348831
349381
349601
34969
35021
35023
35025
35064
350756
350866
351081
351096
351801
351811
35185
35187
35198
352086
352801
352966
353376
353386
3536
353631
353696
353786
353931
354026
354321
354891
35527
355486
355496
355501
35565
355766
355771
355781
35612
35614
35616
35617
356316
356361
35639
35684
3569
35695
3570
357056
3571
3572
357216
357251
357326
357956
358041
358046
358116
358946
359486
359491
35967
359841
360231
36026
360786
361186
361356
361436
361686
361731
362036
362041
36237
362426
362456
362566
36267
362696
362861
36350
364191
364451
36453
36480
36482
364926
364971
365021
36511
36563
365986
366101
366176
366306
36632
36641
36644
36670
36688
367066
36719
367426
367456
36746
367881
368491
368536
36854
3688
368926
368931
369231
369401
369526
369531
37075
371131
371271
37207
372206
372451
37268
374096
374101
37415
374731
374801
375246
375341
3755
37625
376361
376406
37644
37645
3766
377016
37751
377791
378031
37843
37887
379366
37951
37955
3800
380096
380226
38042
38045
38047
380536
380726
380771
380841
380851
380921
381491
381506
38155
38157
38182
3824
382556
38261
382641
382716
38359
38391
384036
384171
3842
38428
384421
384426
3847
384946
385021
38513
385141
385266
38573
38587
385926
385931
38602
386471
386766
386921
386961
386966
387011
387231
38740
38742
38743
38744
38747
387586
38765
387866
3880
388561
38874
388961
38955
389616
38963
39006
390086
39029
39043
391006
391011
39110
391106
39137
391646
391951
39228
39229
39241
39297
39330
393326
393336
393351
393371
39343
39344
393956
394001
394226
394231
394241
394246
394266
394271
394276
394286
394356
394531
3947
39472
394971
394996
395311
39559
395776
39590
3961
396256
396266
396276
396356
396386
39663
396636
396641
39679
39698
39700
397056
397061
39716
39746
397461
397881
397896
397936
397951
398051
39809
39847
398551
398556
398561
398636
398681
3987
398706
39886
39892
399186
399816
40008
401151
401336
401396
40169
401821
402026
40214
402196
402201
402256
40228
40269
403206
403311
403316
40332
403441
403611
40388
404126
404271
404276
40428
404286
404401
404406
404466
404476
40461
404721
404736
405551
405636
405761
405951
406361
40641
40647
406571
406651
406896
40710
407951
408396
408431
408586
408606
408616
4092
40929
40930
40931
409561
409566
409656
409671
40990
41019
4102
41020
410281
41051
4106
410726
410961
410981
41100
41125
411406
411501
411511
41158
41160
411706
411786
411841
411861
412006
412061
41216
412246
412306
412516
412526
412846
412876
413191
413201
413231
414161
41423
414536
414546
414566
414586
414636
41509
41525
415436
41571
415781
416241
416341
416676
41695
417021
417381
417626
417631
418006
418121
418206
418211
418501
418576
418731
418751
418761
419016
41971
41978
41985
41986
42003
420151
42017
420276
4203
420361
4208
42081
42123
421351
42162
42169
422136
4222
4223
422351
422816
423046
42309
423106
423136
423156
423181
423196
423216
423226
423446
423456
423481
423976
424106
424246
424301
424321
42434
424366
424391
424416
424426
42446
42453
42472
42489
424941
42497
42498
424991
425166
425196
425251
425341
42535
425836
425981
42603
42604
42606
42611
42613
426131
426281
42657
426641
427681
427861
427876
427891
428156
428271
428341
428401
42845
42846
428601
428606
42904
42907
42934
42935
429361
429541
42973
4304
430481
43062
430671
430741
430891
430986
431421
431501
431511
431676
431801
431961
432111
432436
4330
433271
433591
43392
433946
43409
43434
43477
435
43503
435041
43526
43528
436281
436356
436396
436616
43667
43677
43678
43680
43681
437016
437021
437036
437046
43709
437141
437181
437211
437246
437586
437591
437771
43788
437881
437981
438061
438066
438071
438111
43819
438391
43840
43841
43860
43879
43885
438936
43916
439171
43918
43928
43934
43937
43938
439576
439786
43993
44038
44039
44040
440821
440946
44102
44104
44141
44143
44159
44169
441846
441861
441866
442111
442236
44230
442421
44244
443111
443151
44318
44342
44345
443941
44396
444146
44443
444466
445256
445381
445886
445916
446131
446186
44669
44674
447181
44736
447461
447486
44764
44765
44775
447801
447971
448066
448531
448546
448666
448676
448681
448686
449126
44921
44922
449441
449971
44998
44999
45033
450536
450741
451061
451106
45121
451316
45157
45160
451626
451631
451656
451661
451666
451671
451676
451691
451696
45197
452016
45204
452701
452761
452781
452876
452941
45302
45306
45307
45310
45311
45312
45316
453376
453466
45366
453706
453786
45400
45485
45487
45492
454931
455421
45544
455456
455611
45563
455966
456336
456566
456571
45690
45817
458396
45867
45869
45871
45872
458741
459131
459431
460501
460686
460806
460811
461271
461496
461506
461511
461516
461576
461651
461686
461791
461936
46212
462286
462306
46233
462351
46258
462876
462886
462891
462906
462951
462971
463136
463176
463216
463301
463391
463436
463481
46351
463531
463686
463731
463861
463871
46423
46429
46431
464361
464366
464446
464456
464461
464466
464536
464541
464566
464571
464591
464661
464666
465411
465421
46594
46595
46596
4660
4661
46633
466381
46674
46708
46722
46728
46729
467306
467541
4677
467941
467971
467981
467991
468151
468191
46830
468576
46862
46864
468786
469291
470056
470176
470201
470656
470791
4716
471886
47195
472276
472391
472416
472511
47261
47288
47300
473231
473236
473241
47359
473711
4741
474266
474506
474596
47465
474736
474936
47503
47504
475276
47537
475471
47564
476051
476091
476206
476211
476221
476231
476246
476256
476261
47631
476371
476421
476536
47665
47690
477101
47742
47747
477996
478386
478396
478501
478526
478551
478621
479031
479041
4792
47922
479281
479361
47948
47950
47981
47982
4800
480001
48006
48022
480261
48039
480741
48077
48118
48119
48120
481351
48182
481831
482176
482526
482706
482971
483276
483291
48334
483366
483416
483536
483556
4837
4840
484056
484101
484116
484121
484136
48415
48426
48441
48442
4851
48514
485411
485416
485746
486606
486726
48682
48771
48772
488156
488386
48861
48872
488736
488801
48884
488861
488871
488881
489296
48930
48940
48941
489641
489661
48968
49025
49030
49040
490481
490676
491036
491621
49180
49184
4919
491901
4920
49205
49266
492801
493046
493116
493271
493286
49335
493736
49381
493906
494066
494176
494571
494861
495026
495476
495966
496096
49620
49660
49716
497206
497226
49730
497666
497681
497796
497886
497891
497901
498021
498071
498116
49824
498611
499261
499266
499276
49937
49988
50002
50008
50013
500146
500156
500166
500171
500306
500431
50055
5006
50070
50084
50119
50148
501581
501591
50165
50222
50235
502891
50303
503291
50344
503441
503511
5037
504426
505146
505376
505471
50593
506306
506611
506616
50664
507056
507081
507216
507221
507306
507336
507351
507586
507986
50826
50828
508281
508496
508806
508936
509461
509801
509806
509871
509891
51000
510051
510061
510156
510281
510521
510551
51066
510701
5108
510816
510821
51154
511581
51161
511876
51204
512316
512356
512396
512746
51276
5130
513101
51348
51364
51373
513756
514096
514106
514111
514141
514161
514171
514466
5146
514761
5148
514916
51497
51498
51500
515131
515141
515171
515301
515731
515871
51646
51699
51701
517316
517606
51763
518191
518571
518581
518586
51886
51904
51905
51907
519136
519241
519246
519256
519261
51932
520091
520096
520226
520506
520591
521126
52161
52162
521681
521721
521886
521991
52219
52268
52317
52318
523231
523296
523581
523676
523711
52372
5238
524
52500
525176
525316
525856
525886
525956
525961
52599
52604
526111
526401
526896
52694
52695
52704
527156
52777
52783
52819
528606
528701
529636
529711
53027
53036
53039
53121
53127
53128
53133
53136
53146
53152
531546
53155
531726
531811
531816
531826
53201
53232
532466
533236
533786
53398
534426
53444
534446
53445
534586
534971
535476
535931
53602
536191
536261
536471
536881
537181
53768
537906
538121
53854
538631
538671
53874
53898
53900
539551
53987
54042
540471
540476
54123
541241
541461
541541
54198
54243
54251
5432
54360
5437
543821
543831
54405
54409
544216
5447
5448
544891
545361
545651
545656
545701
545871
545981
5464
546421
546661
547011
547166
547561
548776
548911
54894
5495
549556
549561
549576
549586
549731
549966
550141
550301
550426
550886
55109
551361
551631
551766
55243
552586
552656
552666
553326
55373
553861
553891
5539
554031
554146
554246
55464
5547
5549
555201
555251
555416
555606
555611
555616
555621
55566
5561
5563
557281
557581
557586
55759
557666
557686
557761
5585
55856
558581
55926
5593
559661
5601
560241
560271
560691
560711
560866
56112
561286
561291
561711
561736
561806
561816
562221
5628
562801
563071
563086
563636
5640
5641
564716
565081
565996
566001
566171
566281
56712
567991
568071
56819
5682
56856
568616
568681
568721
568831
569066
569081
569291
56935
569401
569411
569496
569521
569531
569601
569636
569651
569676
570
570291
570811
570826
571226
571271
571276
571791
571971
572
572036
572211
572226
572336
572521
57269
57288
572906
57301
573011
573136
57365
574016
574106
574191
57476
57477
574821
574856
575251
575366
575731
575746
575931
57670
577566
57819
57820
57822
578401
579086
579566
5796
579626
579696
579706
58004
58028
58038
58041
580966
5813
58150
5817
58211
582386
582806
582861
58288
582936
58311
583311
583666
58389
583966
584036
5846
585161
585171
58527
58530
58532
58572
585771
585906
586126
586151
586191
587266
58731
587546
588421
58844
58895
58899
589076
589206
58960
589846
5899
5901
590181
590871
591156
59158
59179
592221
592491
59250
5926
5930
59317
5932
593221
593226
593291
59339
594296
59488
595066
59513
595236
59532
595416
59543
595446
595916
59692
597241
597386
597556
59758
59762
59763
597771
597776
59788
59790
598111
598421
59846
598641
59868
59889
59936
5994
5996
6006
60061
600631
60072
60085
60111
6014
60140
60142
6015
60155
602106
602511
60254
60293
60366
60387
6043
6044
604501
604586
604591
605071
605076
605201
605326
605351
605436
605556
6057
605756
605761
605796
6059
6063
60704
607081
607201
607461
607476
6079
6080
609011
609041
609211
60925
609521
60960
61043
61047
610841
611281
61138
611696
611701
61177
611991
61221
61263
612696
612706
612806
612811
61282
612981
61319
613216
613451
61366
614056
614146
61423
614231
614851
614936
61494
615086
615171
6163
61646
61672
616866
616946
616951
617116
617146
617491
617561
617656
618521
618556
618616
61862
618631
618761
618981
619021
619266
61936
61938
619826
62058
620756
620826
620836
620896
620991
621041
621056
621061
621146
621216
621426
62215
62229
622601
622696
622731
622761
622776
622786
622876
622881
62293
62302
62329
62335
62343
62375
62396
624151
62493
62497
625116
625226
62532
62586
626546
626566
626571
626846
62701
627286
62761
62836
62894
6290
6291
62938
62940
629996
630466
630936
630951
631086
63187
63218
632256
632571
63293
632936
63294
63296
632981
633071
633076
633081
633086
633156
633171
633276
633306
633336
63385
634176
634536
63475
635086
63537
635381
635581
635591
635596
635601
636056
636101
636271
63708
637246
637456
637731
637981
637996
638196
63836
638411
638581
638676
638701
638711
639
63906
63908
63964
64012
640131
64016
640246
64025
640251
64040
640401
64042
64043
64044
640471
641
641231
641236
64124
64131
641491
641501
641806
642271
64249
642531
642711
642781
64288
64291
64293
64294
64306
643336
643521
643836
644591
644801
64500
64502
64505
645161
645176
64547
64574
64583
645996
64628
64633
646616
646621
646626
64669
646746
646756
646956
647126
64717
64718
647186
647756
647916
64795
648346
64872
64928
64936
649426
649431
649436
649476
649491
649591
64973
64975
649796
64980
64981
64990
650201
650636
650921
651106
651596
651611
651746
65186
65189
65195
65222
65223
652296
652716
652831
652851
65292
653271
65350
653546
65356
653741
653761
65392
65400
65403
65437
65440
65441
654691
654836
654926
65502
655031
65518
65519
655446
655456
655461
655471
65599
65606
65614
65624
65626
65637
656441
656461
65668
65680
656966
656971
657346
657546
65770
65772
65776
65778
65779
65801
6581
65818
658761
658781
658806
65913
659361
65984
66002
66015
660291
660436
661166
66177
66189
661991
662286
66290
662921
663301
663416
663426
663436
663446
663501
663506
66397
664021
66415
66506
665081
665466
665671
66576
66578
66579
666891
666971
66702
66793
66794
66795
66801
668291
668306
668316
668376
668421
66853
66881
66921
669216
669681
67011
67048
67065
670716
671581
671846
672166
67230
67232
67234
67235
67243
672441
672706
673176
67337
67339
67342
673421
673446
67376
674086
674106
67424
67426
67470
67475
674751
675076
67530
67532
675376
67543
675981
676101
67627
676296
67635
676516
676596
67676
677191
677251
677546
67769
67781
67807
67818
67821
678561
678601
67862
678731
678836
67887
678871
679
67955
679561
68075
680761
680856
680896
680906
68104
681661
68190
68214
682316
682421
682716
682726
682731
682806
682866
682916
683786
684101
68416
684736
684806
684966
684986
68558
685581
685821
685921
68598
686431
686456
68648
687231
687481
687531
68755
687606
68764
68765
687696
687756
687806
687831
68822
688421
68859
688621
68885
688891
68911
68913
68915
689191
68923
68924
68925
68946
68948
689671
689681
689886
68999
69000
690136
69016
69021
691436
691456
691476
691501
691506
692291
69241
692581
692616
69285
69354
69369
69371
69388
69390
694191
69448
694936
695526
695801
695896
69638
69653
6966
696671
696831
697
697241
69760
697756
697856
698011
698101
698281
698316
698321
698526
698551
698556
6986
69866
69905
699201
699206
699466
699731
699746
70007
70010
70012
700151
700366
70045
70054
70088
701016
701026
701031
701041
701121
70140
70153
702016
702166
702181
702231
702361
70285
702856
702956
702961
702976
70317
703186
70338
703476
70386
704471
704731
70484
705026
705156
705236
70555
706396
706786
706791
706796
707081
70723
707246
70731
70732
70734
70740
707426
707496
707641
707676
70806
708156
708206
708276
708356
70839
70841
708936
709086
709316
709336
709351
709366
709381
709386
709391
709396
709896
710481
71050
710676
71089
710951
711051
711061
71107
711121
711176
71123
71161
711841
71193
71196
71199
71201
71234
712601
712801
713281
713301
71347
71349
71353
71359
713946
714371
715096
715101
715106
715111
715241
715421
715546
71568
71581
716496
71655
716571
716581
716701
716771
716921
717021
71772
717996
718126
718176
718186
718191
718346
718351
718381
718686
71875
71876
719226
71932
71938
719396
719426
71973
719876
719886
720006
720026
72016
72021
72023
720401
720416
720431
720446
72046
720651
720756
720826
72116
72117
72118
72119
721806
721876
722256
722366
722386
72242
722701
722761
723
723091
72363
723701
723881
72395
72396
72404
72405
72455
72456
72457
725081
72556
72559
72567
725761
72581
725811
725896
72628
72629
72630
72677
726801
72683
72686
72703
72710
727141
727156
727481
72772
72773
728526
728561
728631
728706
728861
729
72923
729251
729591
729596
729601
72967
72980
72996
730161
730371
730411
730466
730581
73065
730671
730956
731
731111
731381
73146
731546
731551
73169
731986
732191
73221
732336
732531
733136
733201
73321
733331
733336
733716
734056
73446
73450
73483
73499
73507
735381
735506
735526
735536
73562
735731
735811
735831
735851
735936
73663
73691
736986
737066
737216
737226
7381
738346
73838
738651
738661
738676
73873
738861
73888
739056
739556
739656
73973
73981
73982
73995
740131
740356
740371
740376
74048
740631
74077
74090
74092
74099
741041
741181
741186
741261
74157
742236
742486
742571
74262
74263
74264
742641
742881
743
74334
743431
743531
74385
74390
744161
744191
744296
74455
744581
744586
74505
74511
74524
745326
745821
745826
74658
74701
747236
747541
747561
748186
748246
748261
748276
748291
748306
748311
748316
748321
748326
748331
748351
748386
748396
748401
748411
748441
748461
748481
748491
748511
748516
748531
748536
748561
748571
748576
748581
748591
748596
748606
748611
748626
74863
748641
748646
748656
748666
748671
748686
748706
748711
748731
748736
748741
748746
748776
748781
748791
748806
748816
748826
748886
74909
749111
749641
749651
749981
75007
750121
750231
75028
750411
750711
750911
75119
751461
751601
752091
752101
752566
75272
75277
752916
75336
75341
753826
753911
753916
75473
75503
755051
755346
755471
755481
755666
755721
756396
75649
75650
756706
756711
75672
7571
757101
757121
75837
758511
7586
758901
758911
759431
759646
759716
759776
759791
759796
759921
759941
759946
76003
760206
760511
760666
761891
761896
762331
762431
762531
762551
763106
763161
763171
763591
763681
763901
763906
763911
765226
766141
76617
766511
76677
76678
76714
767146
767401
76750
76751
767566
76790
76795
768026
768176
768246
768691
76878
76884
76891
76899
76936
76937
769616
76981
769956
77015
770196
77036
770521
77068
770711
771541
77169
771691
771906
77213
77216
77219
77220
772916
773236
773271
773546
773576
77368
773696
773891
773991
774031
774071
77408
774156
774451
774491
774526
774656
774686
77473
774761
77477
775091
775246
77531
77549
775576
775626
77563
775801
77604
77642
77643
77646
77648
776601
776606
777091
77731
77748
777481
777641
77790
77793
77794
77797
778121
778376
77850
77932
77934
77936
779591
77964
77972
77978
77990
78005
780261
780266
780521
780596
7811
781546
78162
781916
78240
78243
78274
78300
783001
783046
783086
78311
78318
78330
784391
784621
784861
785276
785321
785356
785391
785401
785411
78592
785961
78604
78611
78639
78642
786466
786491
786501
786511
786581
786806
787296
787381
787906
78799
788091
788106
789006
789266
789786
789791
790406
79053
79054
79055
79057
79058
791106
79140
791441
791861
791911
792036
792046
792106
79222
792271
793141
794166
794191
794241
794721
794796
795316
795601
795891
795896
79620
796276
79628
796411
796461
79710
797281
797421
797456
79751
79774
79778
79784
798876
799141
79996
8006
80075
80082
801206
80136
80200
802046
802886
802991
803
803051
803291
803376
803536
803541
803546
80369
803956
804
804111
804136
804516
804521
804916
805056
805086
805116
805261
80532
806
80616
806196
806236
806301
807136
807226
807321
807466
80747
807666
807856
807866
807886
807921
807926
808006
80804
80805
808141
808421
808836
80886
808861
80887
809096
80947
809541
809551
809556
80967
80968
809691
80973
80974
810061
810161
810321
81036
81040
810666
810736
81076
81082
810886
810891
811101
811111
81112
811746
81194
812061
81208
81248
812921
813126
81333
813411
813926
814101
814111
814211
814221
81459
81469
81471
815131
815236
815376
815401
815406
815416
815426
815431
815461
815486
815506
815511
815516
815521
815541
815546
815556
815571
815586
815591
815631
815636
815661
815671
815676
815686
815691
815706
815716
815726
816521
816526
81695
81731
817606
81805
81819
81824
818336
81844
81846
81849
818631
818866
818896
81905
81911
819121
819136
819296
819311
81941
819911
819921
820096
820286
820531
820976
82106
821091
821401
821641
82185
822176
82220
82250
823061
823091
823211
823286
823291
823321
823431
82403
824056
82462
825111
825236
825251
82548
825651
825841
825876
825916
825961
826021
8261
826146
82667
827251
828101
828326
82883
828891
828901
829016
829681
830016
83009
830161
830166
830241
830581
830596
830616
830776
831071
831321
83169
83173
831811
832126
832131
832201
83252
832801
83292
83294
83295
83308
83345
833706
83411
834431
834651
834661
83499
835056
83549
835671
83590
835906
836226
836251
836331
83668
836876
837331
837506
837521
837661
837951
838036
838121
83824
838521
839086
839386
839616
839816
83985
83992
83993
840026
840121
840211
840811
841166
841171
841186
841206
841231
84135
841351
84202
84238
84239
842721
842871
84301
843136
843256
843316
843376
843386
843391
843441
843486
844091
84413
84415
84515
845271
845846
845901
845911
84632
84633
846421
84645
846486
846656
84667
84668
846771
846886
846981
846986
84706
847176
847311
847436
847636
848041
848666
84877
848771
848866
84891
84895
84897
84945
84946
84968
850
85014
85016
850211
850706
85071
850736
850766
85119
851966
852051
852361
853426
853771
853776
854156
854206
854316
854331
854471
85451
854671
854831
85535
855361
855921
856191
85621
856386
856461
856466
856486
856506
857456
85846
8586
858601
859086
85924
859251
859601
85971
85977
859806
859816
859821
86022
86055
860551
860731
86098
860981
86099
861106
86125
861721
861746
861886
862021
862316
862526
862561
86318
863201
863776
863996
86421
864401
86466
864796
864801
864806
86485
86543
86545
865476
86570
86574
865851
865916
86594
86595
86596
86619
866526
86681
86701
86772
86807
868106
86881
86903
86905
86906
86908
869111
869116
86913
86937
869451
869456
869576
86973
869921
869926
870016
870056
870206
870411
870571
871121
871311
871641
871646
871661
872011
872166
872226
872361
872451
87255
872811
872881
873286
873421
87352
87365
873681
8741
874111
874231
874456
874756
874846
87489
87494
875096
875116
875401
87564
87565
87567
87581
875841
87587
87601
876121
876146
87619
87620
87623
87624
87625
87626
87627
876311
876361
876491
876651
876656
876661
876676
876696
877046
877056
877236
877241
877446
877696
877966
878166
87826
878516
878591
879071
87914
87915
879351
87947
87969
879706
880106
880306
880321
880356
880366
88040
88044
88052
880641
880981
881016
881761
881791
881801
881806
882031
882071
882086
882096
88212
882121
882166
882206
882221
882476
882791
88282
882826
88287
88319
883211
883346
88364
884146
884421
884696
884736
885606
885671
885736
886156
886161
88634
88640
886481
88649
886516
88652
886876
887041
887066
88708
88709
88710
887221
887496
888076
888111
888121
888516
888556
888576
889216
889346
88986
89055
891351
891366
89144
89155
891646
89168
891806
89195
89241
89244
89270
892701
892841
892846
892856
892946
89369
893696
894191
894366
89441
895061
895101
895121
89541
89581
896846
896856
89709
897136
897491
89769
89770
897701
898286
898866
898966
899931
899941
90023
900471
900886
900891
900896
90099
90155
901581
901656
901936
90218
902236
902266
902271
902671
902826
903076
90348
903531
903816
903851
90427
904566
90466
90467
90488
90492
904971
905026
905486
905491
905506
90593
90594
905961
90609
906616
906721
90673
90691
90798
908241
90832
909001
90925
90963
909631
909656
91026
91027
91028
910496
910501
910551
910656
91069
910716
911101
911211
911356
911481
911511
911771
91213
912566
913131
913686
913706
913716
913721
913731
913756
913761
913776
913781
913786
913796
913806
913906
913916
914676
914751
914956
91550
91589
91590
91618
916216
916831
916906
917356
917851
918286
91868
91869
91877
919416
919511
91960
920246
920421
920571
920621
920731
920901
9211
921141
921156
92118
921566
922066
92221
922526
92268
92270
922991
923191
92331
923356
923451
923541
923596
923606
923646
923701
923746
923801
923831
924056
924636
924696
924791
92507
925176
925181
925241
925506
925551
925606
925721
925756
925781
92606
926316
926571
926726
92674
926876
926961
927786
927946
927991
92819
928206
928211
928216
928341
92841
928746
928951
92907
92913
929371
929866
93000
93001
93002
930106
93030
93032
93035
93036
93037
93045
93048
93049
930536
93059
93076
93083
93084
93086
931031
931626
93176
93177
93179
93204
93205
93206
93210
932146
93246
93260
93278
932881
93328
933791
933956
934096
934556
934596
934671
934736
935031
935086
93548
935946
935956
936911
93716
937321
937341
93749
93750
937551
93769
93775
93822
93827
93854
93855
938711
93894
939591
939596
93974
939886
939916
940306
940926
94117
94130
94145
941776
941846
94187
94192
941941
941986
942066
94208
942186
942201
94229
942721
94333
94366
943746
943976
944421
944486
944946
945
945266
94547
94550
946086
94661
946631
946706
946931
94722
94737
94738
947426
94769
94770
94789
94799
947996
94835
94857
948731
948751
948756
949081
94914
94918
949196
949286
94930
949326
94939
949446
94991
950131
950406
950516
951066
951391
951491
951836
95189
952
952061
952101
952156
952246
95231
952401
952446
952476
952596
953036
95332
95385
953901
95409
954091
954391
954426
95476
95479
954891
955331
95563
955776
955791
955801
955836
955986
95663
95740
95744
958716
959116
959141
959201
959626
96023
960311
96035
960481
96066
96082
961226
961266
96149
96151
961641
961936
96204
962396
962786
963741
96379
96399
9641
964466
96451
96465
96466
96468
96469
96475
96483
964961
96498
965001
965116
96520
96525
96542
965436
966266
966271
966381
96695
966976
966981
96702
967036
967051
96706
96712
96722
96823
968256
96860
968731
96876
969361
969496
969541
96959
96963
970256
970261
970386
97063
971321
971431
971526
972116
972141
972266
972456
97283
97292
973006
97306
97353
97367
974
974116
974221
97429
974366
974646
975
975061
975111
975126
97522
975511
975696
97615
976566
976801
976841
977
977031
97713
97718
977356
977541
977851
977926
978116
978126
978246
978276
978531
97866
978861
97915
980
98000
98004
98011
980391
98041
980446
980551
98057
98098
981
98100
98101
98103
98104
98106
98108
98111
981111
981151
98172
98175
98226
983
98348
98431
98459
98502
98505
98535
986
98609
9866
98664
98688
98694
98696
987
98774
988
98939
9896
99061
99072
99162
99338
99396
994
995
99518
99791
99796
99884
99901
99963
